Epoca;Train_Loss;Val_Loss
1;0.07870766094752721;0.07716977875679731
2;0.07520496206624168;0.07368926797062159
3;0.07578065991401672;0.06803843658417463
4;0.07227361734424319;0.07794925756752491
5;0.07320773282221385;0.07044532615691423
6;0.07048463714974267;0.07087678369134665
7;0.0683360935321876;0.05931523349136114
8;0.06901227895702634;0.06965499371290207
9;0.07017428427934647;0.06788796465843916
10;0.06664889039737838;0.07131156139075756
11;0.06413818895816803;0.06241494230926037
12;0.061388903962714333;0.056387729942798615
13;0.05366722387926919;0.045735002495348454
14;0.05070367828011513;0.04349157214164734
15;0.04820753846849714;0.04466024413704872
16;0.04774823944483485;0.04621155373752117
17;0.04868541817579951;0.042395045049488544
18;0.044626276940107346;0.04322286136448383
19;0.042069628302540095;0.039596257265657187
20;0.04272474029234478;0.042820786125957966
21;0.04039761370846203;0.03715279558673501
22;0.03820695461971419;0.03203664068132639
23;0.03617842122912407;0.031195550225675106
24;0.03020638014589037;0.028419006150215864
25;0.028451254591345787;0.022938017966225743
26;0.025142726887549673;0.02214897656813264
27;0.023519724341375486;0.019473044434562325
28;0.021123434816087996;0.018658419838175178
29;0.019680259217109;0.016727019101381302
30;0.018511541719947542;0.015715902904048562
31;0.018052813463977406;0.015227545285597444
32;0.017675377428531647;0.01471490296535194
33;0.0164612169776644;0.013817920931614935
34;0.016012338256197318;0.014829511754214764
35;0.01743460606251444;0.015447308775037527
36;0.016082870907017162;0.013812572346068919
37;0.015445140988699027;0.012843890232034028
38;0.014395771415105887;0.013126018806360662
39;0.01663768956703799;0.012833174085244536
40;0.014978379144200258;0.01212394516915083
41;0.014559619128704071;0.01345967804081738
42;0.01386426788355623;0.01145981764420867
43;0.014222483549799238;0.012089031748473644
44;0.014191487937101297;0.011613803799264133
45;0.014269648651991571;0.012002259492874146
46;0.014326444827020168;0.011243514250963926
47;0.013754334433802537;0.010867103468626738
48;0.013457540688770158;0.011258625541813672
49;0.013906147863183702;0.010741136036813259
50;0.015489897291575159;0.011218737461604178
51;0.013724024540611677;0.010996130527928472
52;0.013382367656699248;0.011360444477759302
53;0.012511927767523698;0.010547967860475183
54;0.013425673092050212;0.010512031731195748
55;0.012615813474570001;0.010638402542099357
56;0.013051302704427923;0.01073226798325777
57;0.013082413668079036;0.0105622299015522
58;0.013720884386982237;0.010494287358596921
59;0.012684943420546395;0.009887597523629665
60;0.012057970144918986;0.010315488325431943
